0 0.00901144134009 0.00321755075585
1 -0.0029594600867 0.01043913394
2 0.0196529689551 0.00548744411174
3 -0.00457305763039 -0.0029328405389
4 0.00283258511985 0.000569622774428
5 0.0117851715691 -0.0117259296401
6 0.00603231736407 -0.0144378877498
7 0.00335181972101 0.00067196561833
8 0.0253453762021 0.00161547511625
9 0.0211179388505 0.00109865527187
10 -0.0117052834755 0.00347221937172
11 -0.0124068614057 5.56941993703e-05
12 -0.000905926176424 -0.00545359304398
13 0.000409564565636 -0.00573890184778
14 0.00912765639057 -0.00315802172143
15 0.00976526520933 -0.00578977344776
16 0.0118527517109 0.00722408242812
17 0.00986724992446 -0.0049428275856
18 0.0227103846097 0.00280436607482
19 0.00955226447083 0.000773268125598
20 -0.000262189334169 0.0062293680275
21 -0.0275511443639 -0.00322964895294
22 0.0159349202607 -0.00316220155751
23 -0.0229173738067 -0.0143242154424
24 0.00898794957324 -0.000152388948476
25 0.0179757836861 0.000939814841952
26 -0.013719401482 0.00719151605914
27 -0.00256463665765 0.00727809912447
28 -0.0120916571116 0.00654700696912
29 -0.00170278064214 0.00446253765952
30 -0.0203786428573 0.00530775295742
31 0.0104192290221 -0.00979507580732
32 -0.00172835639187 0.002688740535
33 -0.000441468662085 0.00775515054946
34 0.0223446804437 0.00645696280593
35 0.00690863265671 -0.000929185615426
36 -0.000693438657009 -0.00110024982272
37 0.00105418148788 -0.00428675294285
38 0.000583000676244 -0.00226548899952
39 0.00950161850018 -8.51605403703e-06
40 -0.020518169389 0.00496482837064
41 -0.00684034992073 0.000361365800657
42 0.0159516579578 0.004342077631
43 0.00686158812922 -0.00416419988986
44 0.00636797541774 -0.00763852320208
45 -0.00199862947184 -0.00156394204213
46 0.00328759362499 0.00349229841929
47 -0.00493178659632 0.00831551831997
48 0.00910050547759 0.00690532231739
49 -0.0108221349597 0.000113567203411
50 0.0240966657753 -0.00823216377973
51 0.00546633252979 0.00507105937596
52 -0.00646574528528 0.0033018075057
53 0.010262438585 -0.000802122196307
54 0.00669386735681 0.0019793795699
55 0.00551577939529 0.00440748751931
56 -0.00584676813125 -0.00245746560252
57 -0.0114297387534 0.00491273675266
58 0.00542542784734 0.000476123160883
59 -0.0149038902925 0.00267675276947
60 0.00362097037836 -0.00569930903258
61 -0.00792349128392 0.00277399580638
62 -0.000946390495388 0.00129619250457
63 -0.0129986200443 -0.00939974771846
64 -0.00312985846613 0.00644067709391
65 -0.0262166656319 -0.00107344697885
66 -0.00775906196092 0.00237570679123
67 -0.0122358810579 0.00245044416952
68 -0.008626632758 0.00101773465051
69 0.0133959452769 0.00557306810218
70 -0.00722720257474 -0.00240576332545
71 -0.00398665168367 0.000506734977165
72 0.0111096459424 0.00977670496386
73 0.000534609815775 0.00246364081556
74 -0.0150742569537 0.00230505960791
75 -0.00178202452008 0.00338285319629
76 -0.0148061238053 -0.00789649297185
77 -0.00750885002093 -0.00661523884315
78 -0.0149633252449 -0.0059034403581
79 0.0138304485176 0.00383978197985
80 -0.00222670065094 -0.00276877898028
81 0.0156793670464 -0.00608560938819
82 -0.00705104223758 0.00559543139577
83 -0.0102707372451 -0.00774948559123
84 0.000518617878253 0.00950696616295
85 -0.00799164536328 -0.000276231210436
86 0.00225300966029 -0.00370442431397
87 0.0125101734408 0.00561681199479
88 0.00756512001843 -0.00789804534681
89 0.00479836748482 -0.00132787292672
90 0.00436397992875 0.000479500772285
91 0.0240641468226 0.0025282222037
92 0.00528372720717 -0.0030965785551
93 0.00817623271239 -0.00535260162693
94 0.0236340899628 0.00158335924924
95 0.0122921729849 0.000203578972988
96 0.00635447552221 0.00497313188812
97 0.00637832453053 -0.00681145510632
98 -0.00110636734276 0.00299210334442
99 0.00871247302464 0.00163738830443
100 -0.000780896261308 0.00366489261483
101 -0.00823835809609 0.00661048150949
102 -0.0170029432758 -0.00197271166885
103 -0.00188812755126 0.00223521577853
104 -0.00753924150394 -0.00748726971897
105 -0.00315978272635 0.00203843285701
106 -0.00799366776646 -0.00156225633917
107 -0.0219312080597 0.00962317616778
108 -0.00895165807006 -0.000452498231143
109 -0.00252260655314 -0.00364023364679
110 -0.00769722109842 0.00406395979759
111 -0.00354124568248 0.00464246407119
112 0.000530107392966 0.00233611086739
113 -0.000614116701945 0.00457591166425
114 0.00809275472612 0.00895578637799
115 -0.00690275058217 -0.00922674700145
116 0.00633041659046 -0.00955016284376
117 0.01349666768 -0.00125296096337
118 0.00725192343743 0.0122454778674
119 0.0113836635175 -0.00593751316146
120 0.00234881029548 -0.00559892582554
121 0.000531109290367 0.00542149679989
122 0.00244159972661 -0.00117154832003
123 0.00478020617936 0.00167478002789
124 0.0123624493022 0.000643814221529
125 0.00858651569112 -0.00356864926941
126 0.0138599826821 0.00979360384239
127 -0.000948531260666 -0.00311789644767
128 0.00442748901601 0.00313119288377
129 -0.00777021626095 -0.000854899053641
130 0.0124368189928 0.000447290355173
131 0.0202657693596 -0.00768550360383
132 -0.0192266534114 0.00338580309623
133 0.0173546488703 0.00734844030691
134 5.02119651429e-05 -0.00633673723278
135 0.00522980193371 -0.00124313575931
136 0.0232833652256 0.00456447007494
137 0.000717681689164 -0.00376578940158
138 -0.000408910402956 -0.0119677538846
139 -0.0112197055922 0.00191162799628
140 -0.000223045761319 0.00316194297486
141 0.000129488030531 -0.00481654884041
142 0.0152600437658 -0.0114862054466
143 -0.00258807598764 -0.0041742233064
144 0.00425660214717 -0.000381236090893
145 -0.0219844411195 0.00853434955081
146 0.000307948848096 -0.00372839362663
147 -0.0062132104847 0.00101163580444
148 0.0116007117975 -0.00190292864428
149 -0.00317733478577 5.59123275964e-05
150 0.00360546289185 -0.00159100298905
151 -0.0177675434912 0.00528311135278
152 0.00704870268963 -0.00226123855209
153 -0.00379624494341 0.00504696365538
154 0.0136750037651 -0.00216100668322
155 0.0131550776123 0.00619122217602
156 -0.00846542424667 -0.00283233011237
157 -0.018193875082 -0.00118202834712
158 0.00147284633093 0.00118084607686
159 0.00443352500659 0.00222962775468
160 0.00992012174241 0.0111565427973
161 -0.0070548529093 -0.00953722803925
162 0.00474791000857 0.00330076011927
163 0.00653203447177 0.00898074728528
164 -0.00936158019449 -0.00297326712425
165 0.00365368111238 0.0112861472546
166 -0.00196296994039 0.0024154371217
167 0.0083271689229 -0.000517237168097
168 -0.0272569916738 -0.00665928430334
169 0.0113266135079 0.00448128558993
170 -0.00937422644177 0.00182500905583
171 0.0181660999815 0.000894595969573
172 0.0122109386552 0.00579953141229
173 0.0165509506426 0.00450012781316
174 0.0190774757732 0.00178374294089
175 -0.0168269934078 0.00443234643462
176 0.0119620792068 0.00192581412367
177 -0.00266002071059 0.0109234784892
178 -0.0111010443202 0.00115712731974
179 0.0113669145228 -0.00651258005352
180 -0.0132321664511 -0.00376660468911
181 0.00200936725769 -0.000569821521975
182 0.00621033077392 -0.00371614234725
183 0.00727322245027 -0.00746527973642
184 -0.0291002349737 -0.00518685909561
185 -0.011368529965 0.00444384280812
186 -0.00296656309474 0.0020384629689
187 -0.0150204071606 -0.000203900316555
188 -0.000433000061737 0.00233442813874
189 -0.00965778997492 0.0105675291375
190 -0.0191765927142 -0.00376358475299
191 -0.00756291476668 0.00519465212029
192 0.0122201087598 -0.000718837969532
193 0.0117057922936 -0.00864175827487
194 0.00570810938108 -0.000455492566714
195 -0.00833409100838 0.004189464157
196 0.00518727757751 -0.00332200183394
197 0.0114656017631 -0.00183582669767
198 0.0110222406454 0.00226821622997
199 0.00665782026364 -0.0141534867535
200 -0.00517475691604 -0.00134290294119
201 -0.0127523926277 -0.00210911084792
202 0.000432945592428 -0.00542905231695
203 0.0110665498166 0.00546906657555
204 -0.0121334562844 -0.00503377016064
205 0.0131760616816 0.00641437189276
206 0.00282609485684 0.00311542542487
207 0.0141002711051 -0.00485571666564
208 -0.00855109394814 0.00565290926138
209 0.0117573408774 -0.00708027755407
210 0.00433129234564 0.00234464321018
211 -0.000373889491051 -0.00836894184135
212 -0.0172283257455 0.00640364359354
213 -0.00425263427584 -0.00247916797548
214 -0.00248402426906 0.00233582086653
215 -0.00127247762431 -0.00757237565545
216 -1.12190247918e-05 -0.00163520813482
217 0.00423505120261 0.00866885156631
218 -0.00163836292798 0.00155596120722
219 -0.0108477550251 0.00612980991494
220 0.0266529579893 0.000706461658383
221 -0.0166217444425 -0.00128533399736
222 -0.00472971466621 0.00997069058592
223 -0.00920170243307 -0.000452413242316
224 -0.0168340440838 -0.000930773841001
225 0.00538354574403 0.0113246245559
226 -0.0103727016624 0.000174786215175
227 -0.0204384401113 -0.00575511127116
228 -0.0037148876234 -0.0106569904065
229 0.0144306414162 -0.000309888308286
230 -0.0264325677679 -0.00573045647717
231 -0.0110511279529 -7.35052406314e-05
232 -0.00327207644989 -0.00122392100953
233 0.00583461250001 0.000543022461699
234 -0.0250476710303 -0.00603077796555
235 0.00083110465347 -0.0012971038863
236 -0.00301867115502 -0.000933515255673
237 -0.00408780155568 0.00133693320018
238 0.0105069250876 0.00119023505657
239 -0.0133187859175 0.00664803576409
240 0.0307454742061 0.00822850762841
241 0.0185250595681 0.00734969114803
242 0.012452358955 -0.000734015345496
243 -0.00639666043005 -0.00562644593853
244 -0.00882549841912 0.00632217465348
245 0.00637725404686 -0.00793398918958
246 0.0161528737822 -0.00685409575016
247 0.0275965694839 0.00549512064011
248 0.0171474622789 0.00559575381837
249 -0.000779589869111 -0.00681333541283
250 0.00572751216424 -0.00365229090673
251 0.0145680420026 0.00546474608011
252 0.0347766540762 0.00073123812009
253 0.0108635781434 -0.00744674643243
254 0.00608477703219 -0.0105109540567
255 0.0099387310113 0.000352916244279
256 -0.00807529749517 -0.0115495215186
257 -0.00556307848403 -0.00306918150695
258 0.00522918964223 -0.00815689024129
259 -0.00973580333442 -0.00123794365006
260 0.00802500111882 -0.00291339112019
261 -0.0158973864298 0.00189285418399
262 0.0052691328782 -0.000263064513007
263 0.00642838464736 0.000737125901258
264 -0.00508782652564 0.000715590070467
265 0.0143533736884 -0.00307732317662
266 0.0044836991091 -0.00247192673678
267 -0.00629442342165 -0.00306042494403
268 -0.0159776226661 -0.000764175443668
269 -0.00461970851107 0.00366021369718
270 -0.0158264245978 -0.00417128440885
271 0.00577906103098 -0.00106638941033
272 -0.0213129903233 0.00142796019458
273 -0.0125999891705 0.0006701205105
274 0.00370548309916 0.0091578123369
275 -0.0177163167834 0.00272422822957
276 0.00671329924472 0.00324173293962
277 -0.00483083574121 -0.00644396558482
278 0.0148131226033 0.00375635554146
279 0.00159573932357 -0.00084204918817
280 0.00110449145537 0.00122313819089
281 -0.0147043017844 -0.00831272454754
282 0.0175236106596 -0.00644848823419
283 0.000865024996684 0.00285413792943
284 0.0252863252342 0.00105384250151
285 -0.0117202421185 -0.00437431896738
286 0.00449705377756 -0.0102492572056
287 0.0111216643151 -0.00470787895249
288 0.00432545075992 -0.00473721537488
289 0.00629071472388 -0.000246166909649
290 0.0172480957284 7.87027844234e-05
291 -0.00616509195113 0.00182332409807
292 -0.00484078319668 -0.000256556412585
293 0.00293696016691 -0.00361759306116
294 0.00745139736438 -0.00218483306122
295 -0.00366605320101 0.00109599515077
296 0.0140534520661 -0.00317433725592
297 -0.0131868461645 0.0142922409332
298 0.00131121030223 0.00157021029016
299 -0.00867532186591 -0.00479015361746
300 -0.00992422163363 -0.0032268401868
301 0.0100281197414 -0.00950536504377
302 -0.00399364155454 -0.000111380793844
303 -0.00759769450868 -0.00373485485943
304 0.000479116586178 -0.00406516978746
305 -0.0063544751269 0.00210320230481
306 -0.00440972987143 -0.00272362084093
307 -0.0140510835965 0.00524703247579
308 -0.0032092691474 0.00504367503852
309 0.0116425877737 -0.00938110640547
310 -0.00612882442445 0.00693039392134
311 0.00764394760773 0.00213299349209
312 -0.00115454807418 0.00316506734346
313 0.0106674452379 -0.00650798019088
314 -0.0176847078021 0.00528175142546
315 -0.00150062502317 -0.000622612782348
316 -0.00820401088613 -0.000139563588878
317 -0.00340454853159 -0.000823842285889
318 0.00532972790457 0.00464884675958
319 0.00219059326921 0.000533870912506
320 0.00435886076631 0.00395774540751
321 0.010550719705 4.8252742241e-05
322 0.00313251935606 0.00258589163567
323 0.0221967697855 0.00134438894053
324 0.000907128374133 -0.000333566105704
325 0.00379229895173 -0.0016631568803
326 0.0253650663564 0.000779161930459
327 0.00866624469312 0.00428242106527
328 0.000171370697993 0.00309493347219
329 0.00731005213971 0.00226968144587
330 0.00444213261288 -0.00480057474153
331 0.00577123033428 -0.0036358292993
332 -0.000564499290105 0.00276806707679
333 -0.00722167321052 0.000837886766317
334 -0.00566811691714 0.00419025263072
335 -0.0162125610179 -0.00891450258871
336 0.00166135366723 0.00126671698726
337 0.00590955393236 -0.00483467752263
338 -0.000214821216185 0.00330767240369
339 -0.00181278577731 -0.0128855787953
340 0.00100486043789 -0.0050787117305
341 -0.00198795357634 0.000658339884867
342 -0.00668651053474 -0.00308099180152
343 0.0062689379514 0.00748657183849
344 0.00535525483954 -0.00615693183144
345 0.000276802410592 0.00172877392699
346 -0.00184750825332 0.00259354486417
347 0.00114461816516 -0.000565717428866
348 0.00907060520762 0.00121328834531
349 -0.010630014271 -0.000958964541391
350 -0.0223227551989 -0.00282058872076
351 0.000417027131286 0.0014673224698
352 -0.0165803702676 0.00658800571312
353 -0.00883706278858 0.00206092564896
354 0.011297356453 0.00298666077884
355 -0.00704047303042 -0.000115503024036
356 -0.00186745642832 0.00343761973116
357 -0.0072854559714 0.00434457327579
358 -0.0179139064098 0.000508297493857
359 0.00417890217053 -0.00178727072633
360 -0.0107645027407 -0.00147219770557
361 0.00633955061586 0.00412456347639
362 0.0178937900179 -0.00190274013396
363 0.00524666632065 -0.00765290447684
364 -0.000796807267555 0.00679312283873
365 -0.0157045698279 -0.00334146396589
366 0.0160443305886 -0.00342102259099
367 0.00705953211804 -0.00213177471596
368 0.0123842818686 0.00554706485119
369 0.0103906690334 -0.00485270823016
370 -0.0147492874757 -0.00594129434219
371 0.0133696704972 0.00154731202106
372 0.0162070652316 0.00212860064379
373 0.00627408837067 0.00210952356104
374 0.00745324338235 -0.00880851129373
375 0.0118584643806 0.00533135531489
376 0.00521953521052 -0.0010794682803
377 0.00329039605769 -0.00099382144252
378 -0.00583046961107 -0.00275566919607
379 0.000395093523822 -0.00493952429594
380 0.00605035042237 0.00556486499163
381 -0.00316857338305 -0.00966598841151
382 -0.00947700609726 -0.00406689194378
383 -0.00511336650354 0.000367935708213
384 -0.0170128931064 0.00682410995257
385 -0.00945477369448 -0.00719992165249
386 -0.00320180271839 0.00149867260615
387 -0.0154467279211 0.000809864676616
388 0.00552757426697 0.00325738752903
389 -0.00563664973351 0.00194892397426
390 -0.00962533792068 0.00735039836671
391 -5.48506833503e-05 0.00217892587805
392 -0.0057353973134 0.000313925047838
393 0.000140837620271 -0.00300091443092
394 0.00717004744547 0.00396590515942
395 0.00406217943524 -0.0064233697951
396 0.0128478451153 0.00745568780789
397 0.0130271589707 -0.00853916104523
398 0.0198017354956 0.00382379838454
399 0.00404071734114 -0.00718655237062
400 0.00198969284978 -0.00199265138538
401 -0.00440902858266 0.00817577054805
402 0.0177697959857 -0.00080576607639
403 -0.00605990341731 0.00741707828044
404 0.00147539730728 0.00427857851929
405 9.00835578147e-05 -0.00776812478328
406 -0.00755941611212 -0.00313333575752
407 0.0114556834452 -0.0122933639543
408 0.00969722219941 -0.00151292538165
409 -0.0127255022596 0.00564201971109
410 -0.000612998693168 -0.000829191704846
411 -0.00142569985398 0.00237637696339
412 0.00239025514347 0.00318400847201
413 -0.000669390920538 -0.00193115214045
414 -0.00108947750723 0.000271187827463
415 -0.0147894294384 -0.00385057281057
416 -0.0114510252157 -0.00275659955782
417 0.00352300794145 -0.0017557820544
418 0.018053916697 0.00462156898825
419 -0.0101403425749 -0.00413073100632
420 -0.0130489206691 -0.000154480564627
421 0.0114879668826 0.00284131172878
422 0.00139645438811 -0.00330452497225
423 -0.00355078216348 -0.00276945188907
424 -2.52100040279e-05 -0.00373535769807
425 -0.00241688740493 -0.00803049751593
426 -0.00856050811881 -0.00396241056537
427 -0.0018876253203 0.00187793988039
428 -0.0221076819616 -0.00197290982469
429 0.0123035033088 -0.00292879589605
430 -0.00512491517696 0.00493754152765
431 -0.00233465541035 0.0101969550555
432 -0.0132429403384 -0.00685187988829
433 -0.00904080462995 -0.00601526691445
434 -0.000731559207847 0.00371547883166
435 0.0211561714693 0.0111583679925
436 -0.00771940604554 0.00198981369843
437 -0.0137317478531 -0.00632442444863
438 -0.00511885828556 -0.00177455138888
439 0.0121064778077 0.00193543917958
440 -0.00822580011722 0.000969981625378
441 0.0227386012537 0.00961979252948
442 0.00128070319892 0.000352237335838
443 0.0198957158408 -0.00701328338728
444 -0.00150455282121 0.00221638851042
445 -0.00116201029372 -0.00582179880102
446 -0.00327444380704 -0.000802648173777
447 -0.00428168003782 -0.00869277605694
448 0.00395114560415 0.00462950121119
449 0.00347058362227 -0.00163922715672
450 0.00749036595926 0.00562700677102
451 0.0106095776372 0.00183382991198
452 0.0236589225842 -0.0007671671362
453 0.00359753314704 -0.0036873507664
454 0.00316352062608 -0.00402954863996
455 -0.00829453069151 0.0048620340787
456 0.00454985076551 0.00326621499876
457 0.00444427383542 0.00856997032091
458 -0.0160299237153 -0.00239648015579
459 -0.00149524167728 -0.00199285425566
460 -0.0132497790998 -0.00646616679675
461 0.0048251032918 -0.00559349390061
462 -0.00502140158095 0.00451212625761
463 -0.019806918019 -0.00772248738979
464 -0.0130160413773 0.00112119984623
465 -0.00589688751871 -0.00154727433011
466 -0.00655183213969 -0.0104459817813
467 -0.0208685986759 -0.00693108445699
468 -0.0196147192541 -0.00417000543611
469 -0.00762074332228 0.00631224921141
470 -0.00295639890744 0.00424340632741
471 -0.0148848836657 0.00130483575394
472 -0.0106690443748 0.00591405740583
473 -0.00818547010377 0.00263777059022
474 0.00498083268743 -0.0091823287633
475 0.0184738551566 -0.00558994084831
476 -0.00102879491068 0.00383582358287
477 -0.000976764039729 0.00328311759465
478 -0.00262111173626 0.00079043687222
479 -0.0123904223384 0.00239350731207
480 0.00512329219419 0.00191342474556
481 0.000183970922938 -0.00419563828254
482 0.0187275339065 -0.00433847379908
483 0.0120395395103 -0.00559597781982
484 0.0056692556974 0.00835175896212
485 0.00498388480761 -0.0032544323656
486 0.00738872715551 -0.00590154829082
487 -0.00774884516586 0.0109413566945
488 0.000788080720941 0.00877777794132
489 0.00252520497673 0.00195673929306
490 0.00686292484939 -0.00393294375377
491 -0.011848873321 -0.00425580906836
492 -0.00381293080039 -0.00372109928697
493 -0.00156795876861 -0.00227768662
494 -0.00567139265305 -0.00687508773959
495 0.00302201276174 -0.000605888700552
496 0.0146716699786 0.000148244555336
497 -0.0192381569104 -0.000998640416624
498 0.0112057922031 -0.00465928496322
499 0.0143188912419 0.00374054841225
500 -0.00488428185079 -0.00344967713422
501 0.0111877682341 0.00905433621536
502 -7.52519177e-05 0.00699615121861
503 -0.00297569719905 -0.00622949571761
504 -0.0152715913673 -0.00686015328092
505 -6.16966700558e-08 -0.0108835708277
506 -0.00941861502251 0.00752946841909
507 -0.0212718225334 -0.0070695765556
508 -0.00649324074271 -0.00305660273122
509 0.0105387578037 -0.00478954443906
510 0.00705752313134 -0.00430689870209
511 0.00840783255197 -0.00186729263728
512 0.014102124871 -0.00542546267422
513 0.0151664954306 -0.00257517642046
514 0.00464098284124 0.00472637537556
515 0.00462601877776 -0.00679117468031
516 0.0149716443469 0.00163121437653
517 -0.00740166015446 0.00605097413902
518 0.0186084120116 0.00564931540956
519 -0.00617699474841 0.00449036274253
520 -0.00778170453678 0.00428615683172
521 -0.0173802807979 0.0057981734754
522 0.0055703210202 -0.0112929707525
523 0.0141421998357 0.00431340838441
524 0.00518596766365 0.0031540537732
525 0.00386256815697 0.00137144864585
526 0.0160335784048 -0.00208580505938
527 0.0194664168187 0.00346667764855
528 0.00541256655655 -0.00305269037587
529 0.00165869118032 -0.00680873825116
530 0.00889014915102 -0.00152152355112
531 0.0124680940577 -0.00404853126015
532 -0.00125466478651 -0.000502581656556
533 0.00393522097008 -0.00957996753915
534 0.00985406630884 -0.00267026905735
535 -0.00466089521008 0.00237827493846
536 -0.00157125715606 -0.000996959498754
537 0.0177906548694 0.000814813377698
538 -0.0191820466429 0.00336708691177
539 0.0146459165791 -0.00589167317943
540 -0.0147880106812 0.00695029274289
541 0.0139772425378 -0.00235039185133
542 -0.0136799865653 0.00361732808533
543 -0.00134207108602 -0.00183591397501
544 -0.00614230998319 0.00155176757874
545 -0.0105280119686 -0.00221382298696
546 0.00538440244511 -0.00545228654278
547 0.00373260497083 -0.0045187837341
548 -0.00360792202609 0.00118964624936
549 -0.00397345677571 0.00218012773132
550 -0.0281141608661 0.00341796281968
551 -0.0181285906257 0.00217808206566
552 0.000819178732052 0.00484066246582
553 0.00708895383986 0.00490249977253
554 0.00144820629226 -0.00310040959044
555 -0.00955413669833 -0.000971891345104
556 -0.00615650933827 -0.00153804203599
557 -0.00123254814866 0.000619363273538
558 0.0156091938283 -0.000475527620529
559 0.00686198693149 -0.00317126299801
560 0.00188017413321 -0.00228813914099
561 -0.0137323171828 0.00283317348772
562 0.0266776294342 -0.0017976199397
563 0.0107030973947 -0.0122308377612
564 0.00990067754588 -0.000390849774935
565 0.00305350903949 0.00157981039765
566 -0.0127654892158 0.0104510100493
567 0.0021095755273 -0.000300588749308
568 -0.00498483883418 -0.00939041853201
569 0.0068462589643 -0.00285078467239
570 -0.0111066017221 0.000471143488454
571 -0.0138026658347 -0.00291116098969
572 -0.0118482827688 -0.00102703374828
573 -0.0185222759481 -0.00320960788746
574 0.0010212904403 -0.00472914572187
575 8.45676926732e-05 -0.00501358484087
576 -0.00492537099754 -0.00341995717551
577 -0.00573196531928 -0.000273195209253
578 0.00386388971603 -0.000876802999874
579 -0.00199356201803 -0.00378459378971
580 -0.0122743798795 4.01425216704e-06
581 -0.00942600117352 0.00144194843074
582 -0.00992686031658 -0.00252107204876
583 -0.0113646040939 0.00346028664852
584 0.00462441525462 0.00617414898258
585 0.00579469908615 0.000877717940159
586 0.00391172149582 0.009834581176
587 0.00246863149211 0.00478259581672
588 0.01503283069 -0.00124129154079
589 0.00540668883463 -0.00176641892141
590 -0.005319314557 0.00156374151342
591 0.00938535462873 0.00351918454336
592 -0.0102404224785 0.00848632878339
593 0.000664434818513 0.00340879017469
594 -0.00286130072847 0.00518833085044
595 -0.00285696406938 -0.00172042622304
596 0.0058593602185 -0.00396798989931
597 -0.0122937906018 -0.0027084861184
598 -0.00631634017127 -0.00149495207334
599 0.00636133601605 -0.0178088474424
600 0.00469449118569 0.00493775378478
601 -0.00168419250757 0.00395463711969
602 0.00536170428362 -0.00193206755964
603 0.0113381915125 -0.00353068046384
604 -0.00612466633572 0.000707665155957
605 0.0055537021783 -0.00223733176826
606 0.0152121348066 -0.0028721162814
607 0.00465523832277 -0.00559047435085
608 0.00786159952982 0.00603134147784
609 -0.0148430725513 0.0031757976059
610 0.0128384041878 -0.00126369151977
611 0.00638051801916 0.000805123673697
612 -0.0128363101097 -0.00925499302006
613 0.0115337078949 0.00230243981637
614 -0.0210035490545 -0.00916479944001
615 -0.0185571263999 0.00924248753456
616 0.00178753062018 0.00620025985543
617 -0.00482360749118 -0.00713781688136
618 -0.00246767318662 0.00972866928944
619 -0.0170014818463 0.000530535042753
620 0.00217120253855 0.00274612680056
621 0.00487223014395 0.00270288571321
622 -0.00284452364498 -0.00172081496597
623 -0.0122737478208 -0.00156867404572
624 0.0119000023575 -0.000704039615967
625 -0.00580700597424 8.07186060638e-05
626 -0.00575102629608 0.00101882882919
627 -0.0124122362191 0.00184924951001
628 -0.00848243795511 -0.0102725597739
629 -0.00134585643374 -0.00817525495548
630 -0.0095569954407 -0.0122210749118
631 -0.0164612079793 0.000495387609578
632 0.00251747308605 0.000842235438047
633 0.00742485307468 0.00159721861868
634 0.00270835187121 -0.00231284951092
635 -0.00457484928879 0.00272067623419
636 -0.00167577864248 -0.00633122940676
637 -0.00947571089149 -0.00412008287605
638 0.00124301222743 -0.000870235325241
639 0.00448950921764 -0.00559372557375
640 0.00503751633815 -0.00862622251606
641 -0.000185862211012 0.0135560091057
642 -0.000551939912431 0.00105038455565
643 0.0313387589987 -0.00195206286538
644 0.00617395435203 -0.00457032373473
645 -0.0165403634828 -0.00193437222751
646 0.0268274832683 -0.00509949588726
647 0.0171404118153 -0.00139577443308
648 0.0173404897239 0.000972045407377
649 -0.00843330225414 -0.00463907018946
650 0.00669288254727 -0.000275171663769
651 0.0208393768483 0.00823711656936
652 -0.0126469712014 0.00123839836567
653 -0.0114772568647 0.00566843646003
654 0.00165210640122 -0.00739850655101
655 -0.00554445497411 -0.00343847110368
656 -0.00847205493148 0.000637748865896
657 -0.0178746270223 -0.00200087460876
658 0.00103995414319 -0.00782785262615
659 0.00560988197041 0.00142311132347
660 -0.0209445563803 -0.00294494066439
661 -0.00139321725529 -0.00379050555184
662 -0.0076521249245 -0.00127292840918
663 0.0153539549988 -0.00411470640483
664 -0.0290114339687 0.00176142376189
665 -0.00575626573895 0.00542018185729
666 0.00338814384753 0.00176561368822
667 0.0277375363554 -0.00501323314473
668 -0.00663080293101 0.00398642001117
669 -0.00540516157053 -0.00992598093097
670 0.00106012901283 -0.0163764451915
671 0.0003235219482 0.00101973104499
672 0.00148367483148 -0.010001426728
673 0.0172449948101 -0.00540598804904
674 -0.00765083409755 0.003332201347
675 0.00400996691588 0.00992605113279
676 0.00913036039721 -0.00371797075081
677 0.00316776634541 -0.00231488688114
678 0.00369019178549 0.00457241331999
679 0.0123538334958 -0.00418009234871
680 0.00989004459712 -0.00462656879208
681 -0.00151142410816 -0.000634074562461
682 0.00445862874898 0.00279650906931
683 0.0206289213377 0.00178260146225
684 -0.0103730031126 0.0037550971831
685 0.00228218473321 0.000219990346274
686 0.0143425745792 -0.00473245484595
687 0.00300768073211 -0.0092548447693
688 -0.000554608576524 0.00161995058038
689 0.00632274723845 0.00908483613223
690 -0.0114511802469 0.000230311646301
691 0.0105240465195 0.00778902406227
692 0.00970830969868 0.00752804044583
693 0.00781031775327 -0.00258595354909
694 -0.0019972980218 0.00241068405947
695 -0.00598262078899 -0.000989867693794
696 -0.0115088077281 -0.0052239658035
697 0.0130887473284 0.00119982835453
698 -0.0153706521898 0.00162661131322
699 -0.0194966572843 0.00331987903701
700 -0.0248924320297 0.00315537495553
701 0.0278284957284 -0.00060427110366
702 0.000485980974539 0.00210060613977
703 -0.00638335588929 0.000481846832531
704 -0.0167693219643 0.00144204172659
705 0.00672621812465 -0.00976277012503
706 -0.00383845210925 -0.00459440324972
707 0.000647616754666 -0.00125152041609
708 -0.00498113369025 0.00874099409572
709 0.012668122936 -0.00437706315315
710 0.00797594371787 -0.00158909298485
711 0.00186365605834 0.0093059438083
712 -0.00238321593046 -0.001833079404
713 -0.00566280301203 0.00472728124588
714 -0.0098819760861 -0.00534492183797
715 -0.00728295627576 -0.0013439275888
716 0.015500723324 -0.00356312552739
717 0.00463552502876 -0.00579844409492
718 -0.00794929849829 0.00153480818499
719 0.00435434901507 -0.0088098210656
720 0.00786426333462 0.00192894069577
721 0.0128597617648 0.00244133507887
722 -0.000879309224106 -0.00615117811977
723 0.00542475051978 0.00249017141969
724 0.0152165220607 -0.00392311947247
725 0.0125135921032 0.000377466476102
726 0.00892432831201 0.00030895463219
727 -0.00268647889254 -0.00377274549688
728 -0.00433960110521 -0.00357718339834
729 0.00610941727703 0.00308868100874
730 -0.0011596183273 0.0029911663346
731 -0.00419712019526 0.00343459568823
732 -0.000736208909851 0.00742112875818
733 0.0194556114513 -0.00211723767479
734 -0.00604702908925 -0.00565339853816
735 -0.0104305043654 -0.0120235191144
736 -0.00427460205832 0.0048514106342
737 0.00430368245106 -0.00398233566704
738 -0.0148473399925 -0.00189784567894
739 -0.0063104183055 0.00530571401992
740 -0.00397774485193 -0.0103687500489
741 -0.0167995531269 -0.00771484249604
742 0.0108846531273 0.0039959160363
743 -0.00708748734788 0.000710470971491
744 -0.0202433485098 0.00490734626983
745 -0.00282564500629 0.00656706045093
746 0.00747027717669 0.00262633887526
747 0.0111330682989 0.00161901749703
748 -0.00849535589804 0.00922532853713
749 0.00381529889784 0.00458215017493
750 0.0098547960357 0.00215691496012
751 0.0112429326073 -0.00845152572627
752 0.00177267136595 6.12490741573e-05
753 0.0163694239712 0.0052985158456
754 0.0239484657773 0.00341817262376
755 -0.00798483945545 -0.00286823282314
756 -0.0191989295895 0.00501628632009
757 0.0163595492812 0.00301376288158
758 0.0112422551706 0.00498626376077
759 -0.00451353298174 -0.00028417418278
760 0.0239255044231 -0.00215158963316
761 0.00972685616408 0.00106665736731
762 0.0150407816306 0.0041447391772
763 0.0173520765574 -0.00583367519617
764 0.000656958564263 -0.00129491859526
765 0.0116401689592 0.00331447528168
766 -0.00127549451071 0.00223384216494
767 0.0115248873043 -0.00223555024253
768 0.0175967748485 -0.0122383854632
769 0.00358276855079 0.000954826062316
770 0.00635977243893 0.000161188949322
771 0.00893907832881 -0.00416969156928
772 -0.030735074002 8.64272896365e-05
773 -0.00964929691019 -7.9180409047e-05
774 -0.00523712746313 -0.000360964490385
775 0.00366622858904 -0.0116109206638
776 -0.0132284687457 -0.000225651117702
777 -0.00458220900081 -0.00507447010452
778 -0.0155608951516 0.000374630611871
779 0.0155916465892 0.00262398296901
780 0.00166416490907 -0.00204912586923
781 -0.00330998151794 0.00143705147112
782 -0.000709115012197 -0.00375600083516
783 0.00135005579815 -0.00337709102093
784 0.0098794377062 -0.0024525234793
785 0.00807358193165 0.000692454327938
786 0.00553459172946 -0.00266563072022
787 0.00186804859556 -0.00320913191811
788 -0.00505213776391 -0.00113579029195
789 -0.00258951666823 -0.00802353208242
790 0.011393930352 0.000569145770855
791 0.00492011827476 -0.00422282213349
792 0.0197932778001 -0.00230043101876
793 0.00337182135868 0.00467118473199
794 -0.0143007607494 0.00453339422465
795 -0.0175540420381 0.00346214511013
796 0.0103815125992 -0.0109528673882
797 0.00990386954103 0.00146626139062
798 0.00887357390751 0.00438153851645
799 -0.00574339867327 -0.00260011828505
800 -0.00534865156387 0.000110859602071
801 -0.00837635448531 0.00160202253878
802 0.00508075280836 -0.0031617342047
803 -0.0170391857997 0.00166860676036
804 -0.00450270066296 -0.00281488298673
805 0.00314621031952 0.00124233739671
806 0.0228736026277 -0.00405344558788
807 -0.00322274678565 0.00470890420382
808 -0.0064670234325 0.00259523569635
809 0.0156022284862 -0.00870720098888
810 -0.00161699186533 -0.000346927690153
811 -0.0144157008759 -0.0017553933112
812 -0.0187985607546 -0.00158812840701
813 -0.00704068605099 0.00800981207896
814 -0.00801202148527 0.00794931835507
815 0.000827294205732 -0.00819101799748
816 -0.00917598665702 -0.00703648350505
817 -0.0024526664063 -0.00749870694974
818 -0.0114235773931 -0.00261932782912
819 0.0115017923599 -0.00582855397829
820 -0.0203021033207 -0.00324584425884
821 -0.00117705297772 -0.0137753364273
822 0.00180397836362 -0.00286237951747
823 0.000924998268379 0.00620161730346
824 -0.0014674585435 -0.00270784965107
825 -0.00316786323106 0.00631423074406
826 0.00208586095391 0.00371805834677
827 0.00254219600617 -0.000506016024606
828 0.00319868286189 -0.0101801474538
829 0.000613025765089 -0.00260176827771
830 -0.0062389131853 0.00528466650869
831 0.00862209236686 0.00779637004926
832 0.0165237953312 -0.00875443241112
833 0.00552348428223 0.0057769314279
834 -0.011308261646 0.00971682617362
835 0.00901598821164 -0.00397034184358
836 -0.00618563009053 -0.00131730839843
837 0.00302205178815 -0.00465113187672
838 0.0154841852791 0.00524113977579
839 -0.0109973880998 -0.00251622817476
840 0.0047752675078 -0.00314129125656
841 0.00983652341669 0.00012351292051
842 0.0114666562798 -0.00494195496822
843 -0.00494817396767 -0.000346302948838
844 0.00800582947677 0.00279728500488
845 0.00106581143247 2.54131448905e-05
846 0.00244046950728 -0.0046025216349
847 -0.00160986700906 0.00158668982862
848 -0.00973898397878 -0.00159016478426
849 0.0100213620798 -0.000416530222065
850 0.00538441485588 -0.00685007176383
851 -0.00481505276587 -0.00217138402328
852 -0.00381676240332 -0.00650684496268
853 -0.0247999944402 -0.00647712392807
854 -0.00858936131668 0.000950725782963
855 0.01541218221 0.00595542944988
856 0.00422472065146 -0.0031314396815
857 -0.00254823735409 0.00272874188399
858 -0.00423642791429 -0.00409446018697
859 -0.00265167516767 -0.0018150636164
860 -0.0054729490247 0.00722266189621
861 -0.0185923100455 -0.00489385165863
862 -0.0158828468491 -0.00244607019406
863 0.0028298203637 -6.83223244394e-05
864 0.00666572098471 -0.00239177361596
865 -0.0197504266794 0.00144056673112
866 -0.0134730400403 0.00450710544681
867 -0.00740819929171 -0.00144492114521
868 0.00817724836939 0.000150230989076
869 0.00766751698631 0.00850980652001
870 -9.16957988585e-05 0.00342191319554
871 -0.00286023875929 0.00213093725106
872 -0.00666011569868 0.00254233111152
873 -0.0164853953154 -0.00240690519298
874 0.00785851578094 0.00390721337072
875 0.00919610207951 0.00118704226032
876 0.0107926959035 -0.00111511912521
877 0.0133324010328 0.00153763130389
878 0.0262996439895 0.000497338494276
879 0.0055949942713 0.000499431729359
880 -0.00349180810855 -0.0001657910774
881 0.00176231907779 0.00030103130631
882 0.0196147812545 -0.00329912809461
883 0.00102411125219 -0.00306494981825
884 -0.00836835764799 0.000585075343304
885 0.00703866446333 0.00366247510831
886 0.0125986601229 0.00151579194068
887 -0.0143453868623 -0.0017540639443
888 -0.0131592280368 0.0132229527226
889 -0.000900959545216 0.00803411434029
890 -0.00966069937668 -0.00418702940174
891 0.0130481502429 -0.00276347361716
892 -0.0245811425264 4.73462272686e-05
893 0.00977296702135 0.00554530250473
894 -0.0156265999144 0.00397047889532
895 0.00325611251273 -0.00130815235484
896 0.000938927491922 0.00145069651711
897 0.0106170333278 0.00590119361829
898 -0.00148380523235 0.00352962423494
899 -0.00604691795716 0.00191207177258
900 -0.00858280246915 -0.00569497128893
901 -0.00193722690978 0.0061813174969
902 0.000351300042904 0.00210041898185
903 0.00439750725031 0.00736189158799
904 0.00313116229251 0.00331945066493
905 -0.0123286219074 0.00511485823365
906 0.00450779566209 -0.00899161274271
907 0.00781291635627 -0.00530132026376
908 -0.00395406877337 0.00874347296509
909 -0.0215909668325 -0.00550460835478
910 -0.00446105898292 -0.00222507819345
911 -0.000548861558438 -0.00434595172672
912 -0.010257835414 0.00374486184761
913 -0.000366944994248 -0.00293832280605
914 -0.00549360583159 -0.00296779926267
915 0.0137649649748 -0.00282019670463
916 0.00647180594105 -0.00426347746219
917 0.00873719463483 -0.00352939487243
918 -0.00331809655941 -0.00683815111445
919 -0.0108093665015 0.00110514530607
920 -0.00332688393862 0.0031485605301
921 -0.000296987989217 0.010352342688
922 8.48375814325e-05 0.00858820714814
923 0.0177015003979 0.00390888909453
924 0.00615132556336 0.00878265484986
925 -0.0278226008459 0.00268271988801
926 0.00304234739687 -0.00663546595017
927 0.00346673782404 0.000507398549824
928 -0.0150356475614 -0.000872895334411
929 -0.015078374429 0.00534717237078
930 -0.0187462089284 -0.00933766230851
931 0.00195750791534 -0.0006817380639
932 0.00112072154811 0.0049275240394
933 0.00765096097545 -0.00466262392353
934 -0.00640020235277 -0.00484106616797
935 -0.0209822518287 0.00101311526938
936 0.00825194457189 -0.00596599639839
937 -0.0235319480563 0.00791497650538
938 -0.0150146808229 -8.63534153328e-05
939 0.00629060223583 0.000904582230454
940 -0.0157744033466 -0.00434812848386
941 0.00148270904732 0.00432359167921
942 -0.00146242605909 0.00713610234703
943 -0.00313419288304 0.00205490017023
944 -0.000467429436281 -0.00871031041522
945 -0.00602068106551 -0.00272562151146
946 0.00168896288689 -0.00669228428709
947 -0.000660533707371 -0.00605410900011
948 0.00237419384096 -0.00556476257455
949 -0.00319079228269 0.00191405602142
950 0.00208095869494 -0.00924745985903
951 0.0261815048283 0.0020363729104
952 0.00547067936099 -0.00227716560533
953 0.00534305308609 0.00157887983537
954 0.00258980287489 -0.00468539177693
955 -0.00463716448346 0.00725364569581
956 0.011576056402 -0.00522752603387
957 0.0148375993996 0.00672499092432
958 0.00240329917288 0.000856153354783
959 0.0124662835309 -0.00398877151862
960 0.0103067771091 0.00718125992159
961 0.00322965919263 -0.00332393788662
962 -0.00822747507768 -0.00484896762009
963 0.00429015384285 0.00638920455457
964 -0.0173717913552 -0.00588548978665
965 0.00177281577121 0.0018988504731
966 0.00538659038197 -7.36184765197e-05
967 0.0081426051378 -0.00561676401402
968 -0.000142099283197 0.00018662632271
969 -0.00495960621341 0.00291076013526
970 0.000249558050189 -0.00399243648238
971 -0.0169168430213 -0.00428090122703
972 -0.00271570808438 -0.00313297725002
973 -0.00288196340283 9.21114168982e-07
974 0.00142145769684 -0.00160064532969
975 0.00891296328023 -0.000420658765696
976 0.00503226282026 -0.00475561740941
977 -0.00939335673555 -0.00372395344695
978 -0.0023471681422 -0.00200784720505
979 -0.00315684445323 0.00489816830979
980 -0.00540000646113 0.0078671586754
981 0.00103875879039 0.00908886251147
982 -0.00414885930928 0.0135173056591
983 -0.00800651639329 0.00210268304537
984 0.00447965732879 0.00242163189211
985 0.0114619658838 -0.00769940412921
986 -0.00699159382998 -0.00362280183739
987 -0.0301706259775 -0.00189357515488
988 0.00879793439163 0.00163537083092
989 0.0147808397932 0.00350568781225
990 -0.00207021605893 0.00230547197237
991 0.021603791881 0.0062612283545
992 -0.00714223634312 -0.00531223519627
993 0.00272714489263 -0.00191508739721
994 0.000445106897567 0.00271259855351
995 0.00820884214238 0.00390024552219
996 0.0128104979736 0.00227915054921
997 -0.0010223290089 0.0110843908875
998 0.000693195436928 -0.00287960410398
999 0.0103950778223 -0.00231492273757
