true P = 50, A = 0.005
i time mag error
0 374.54011884736246 0.00033436288017977547 0.0013087254305484046
1 950.7143064099162 -0.00020339085199009844 0.001962280203709635
2 731.9939418114051 -0.0017061946717045829 0.002065178865103172
3 598.6584841970366 -0.00020499346972691589 0.0011036470736448538
4 156.01864044243652 0.0014061213242373594 0.0016732085563878412
5 155.99452033620264 0.003606679212890094 0.0012688293538779486
6 58.08361216819946 0.0035877693186915083 0.0011267499409455355
7 866.1761457749352 0.005328340756897178 0.0029799204647798904
8 601.1150117432088 -9.42283292977925e-05 0.0016447076899494461
9 708.0725777960455 0.004131162026800822 0.0026197488917092697
10 20.584494295802447 0.003139146270604208 0.0015092813095275276
11 969.9098521619943 0.003850315882708823 0.0023630054444478583
12 832.4426408004217 -0.005224092790824443 0.0025204557197793733
13 212.33911067827614 0.004664476885370336 0.0021912774812156885
14 181.82496720710063 -0.004256483732729427 0.0019431523771003168
15 183.4045098534338 -0.005005643511397456 0.001823681828294537
16 304.24224295953775 0.004306464946569993 0.0016977365330859908
17 524.7564316322379 0.0005579963358235042 0.0028590582884956517
18 431.94501864211577 -0.0050913380642537125 0.0026612388155754585
19 291.22914019804193 -0.0035431056330442272 0.002930053821333025
20 611.8528947223795 0.007105633905109864 0.0012485944469710895
21 139.49386065204183 -0.0038114084165471796 0.0024617349504072886
22 292.14464853521815 -0.005691616058464106 0.0028766809136420756
23 366.3618432936917 0.003938456226167034 0.0013624661323313203
24 456.06998421703594 0.004721568390296528 0.001132992534733555
25 785.1759613930136 -0.005495951647644956 0.002482241298580118
26 199.67378215835973 0.00023890811624495973 0.0021489462263598238
27 514.2344384136117 0.005656341456373131 0.002683657553516544
28 592.4145688620424 -0.005003332853036918 0.001279544753252579
29 46.45041271999772 -0.0022165716405274545 0.0025905346237197805
30 607.5448519014384 0.0008203178346428367 0.001403254640095489
31 170.52412368729154 0.001641936260671638 0.001327311885731409
32 65.05159298527951 0.0044925972077883465 0.001328531595861986
33 948.8855372533333 -0.0019457340252882864 0.0026291494404627642
34 965.6320330745593 0.006250116080262643 0.0023303944413924004
35 808.3973481164611 0.0029199561579314514 0.0020461308495382385
36 304.6137691733707 0.0022991689662678135 0.001717660968247005
37 97.67211400638386 -0.0013111414856547185 0.0027544010816262167
38 684.2330265121569 -0.0031432539185758555 0.0017848902148452708
39 440.1524937396013 -0.0061606651063741075 0.002633198878943154
40 122.03823484477883 0.002981428720194617 0.001878269817140437
41 495.17691011127016 -0.002838047378490622 0.0017538888588498152
42 34.388521115218396 -0.005604150756806524 0.0019253595713392129
43 909.3204020787821 0.005068264604387836 0.0016027557483282843
44 258.7799816000169 0.004662612947872382 0.0024952187603525023
45 662.522284353982 0.004399763518170592 0.002005440780184958
46 311.71107608941094 0.005045250799431429 0.0014644253902936348
47 520.0680211778108 0.002518929170100971 0.0027991491465491373
48 546.7102793432797 -0.0018951018843742387 0.0017677824427464227
49 184.85445552552704 -0.00406409908019688 0.002087105722227977
50 969.5846277645586 0.0047319866652037615 0.002812944221929094
51 775.1328233611146 -0.0013212670029810582 0.002248475991827984
52 939.4989415641891 -0.0027100477755864836 0.001233796081416728
53 894.8273504276489 -0.004978076810948826 0.0028796642472269504
54 597.8999788110851 -0.001456005478980612 0.0022554161061428355
55 921.8742350231169 0.0025021784213816274 0.0016698112293141722
56 88.4925020519195 -0.004680169894166809 0.0012785441453267744
57 195.9828624191452 -0.0030408982445750197 0.002588050378540592
58 45.227288910538064 -0.003030329951084385 0.002240145511857027
59 325.3303307632643 -0.0007004942728740424 0.002066922183952643
60 388.677289689482 -0.0055347469628267195 0.0027877851661019153
61 271.3490317738959 0.0030639387113507058 0.0025771944224490615
62 828.7375091519293 -0.0019059413939642661 0.0013033497594655023
63 356.75332669358926 0.0030590277145473356 0.0016234441355910964
64 280.93450968738074 -0.0024930239169621 0.0014969782796289315
65 542.6960831582485 -0.00366414812261833 0.0024878925851453543
66 140.92422497476264 -0.003731339448166763 0.0010670648694715587
67 802.1969807540397 0.001992563408475396 0.002139779369742633
68 74.55064367977083 -0.000546806128893266 0.002524917371481381
69 986.8869366005173 -0.005545350543223417 0.002753531273523499
70 772.2447692966574 0.0024440750899006724 0.001684163497431815
71 198.7156815341724 -0.00019309217278751733 0.002642514609344026
72 5.522117123602399 0.003176913544614876 0.0012212634739104146
73 815.4614284548342 0.0047750767461640885 0.0026929045834690364
74 706.8573438476171 0.0050724805975538335 0.001254977324663965
75 729.0071680409873 -0.00300428550300675 0.0017945745811207346
76 771.2703466859457 0.0028056516670097653 0.0025945907315591075
77 74.04465173409037 0.0003966295104790336 0.0012998348546975477
78 358.4657285442726 0.004153437805839119 0.001458502790465283
79 115.86905952512971 0.005657327946928749 0.0024445051367861324
80 863.1034258755935 0.005811048244222907 0.0024400730730921487
81 623.2981268275579 0.0018746953509312368 0.002282295265770595
82 330.8980248526492 -0.002070269859680843 0.0023878968889342
83 63.55835028602363 0.004976848997556322 0.0020854488866951923
84 310.9823217156622 0.005591295751830904 0.0015035981178139054
85 325.183322026747 -0.0004254411952789006 0.001691391987007839
86 729.6061783380641 -0.0024110558114066034 0.0013631954336028513
87 637.5574713552131 -0.005130012659431702 0.0028169011226672567
88 887.2127425763265 -0.004899746754957501 0.002166783589532241
89 472.2149251619493 0.002309565398698956 0.0018017028335272798
90 119.5942459383017 0.0023230497423515598 0.0019240116072882655
91 713.244787222995 0.007070504262180434 0.002894566679223631
92 760.7850486168975 0.003878322969192588 0.0013067028062321603
93 561.2771975694963 0.0037268975094658222 0.0021724596640335945
94 770.967179954561 0.0035849294145419426 0.002011777357768932
95 493.79559636439075 -0.0027235553550073043 0.002222908470869296
96 522.7328293819941 0.002029432333154297 0.001036220367641681
97 427.54101835854965 -0.0009412300225880014 0.002744247817888303
98 25.419126744095188 -0.0002754701354232459 0.002864236564967225
99 107.89142699330445 0.003287440202889429 0.002130266367178418
100 31.42918568673425 -0.003538436465658141 0.0023933016477537847
101 636.4104112637804 -0.005630365968899074 0.0028449987623545914
102 314.35598107632666 0.005839745105805652 0.002414477268626797
103 508.5706911647028 0.004255700703058971 0.0013050780858285228
104 907.5664739260931 0.0032439962689916916 0.0021525767203336263
105 249.29222914887495 -0.000765505306039221 0.0022134300927657115
106 410.38292303562974 0.005237029766151747 0.0018482613426047722
107 755.5511385430486 0.002648087004545603 0.0024728884712494456
108 228.79816549162246 -0.0031190959221637417 0.0028687340295380295
109 76.979909828793 -0.0009875318234236537 0.002851137025813553
110 289.75145291376805 -0.004556247088320686 0.0019016787428082643
111 161.2212872540044 0.004428644192467412 0.0012264760916815105
112 929.6976523425731 -0.003254191074280136 0.0029696823979246693
113 808.1203795644169 0.00449373317225565 0.002677796172891868
114 633.4037565104235 -0.005800165607034628 0.0012493253624065337
115 871.4605901877177 0.0007438117360338762 0.0028416837652347447
116 803.6720768991145 0.0015077759977834616 0.0027397927241242567
117 186.57005888603584 -0.005179345427093942 0.002037676114252144
118 892.5589984899777 -0.0037122773255137058 0.0021825508714898587
119 539.3422419156507 -0.003391257069938392 0.0017980054077402605
120 807.4401551640625 0.004880528741165975 0.0011095232776440628
121 896.0912999234932 -0.0025182797570619257 0.001670394483291802
122 318.00347497186385 0.0038321578940372185 0.002605706897196023
123 110.05192452767676 0.003762733638818145 0.0010092640460092057
124 227.93516254194168 -0.0018211974533365654 0.0016669983433822884
125 427.1077886262563 -0.0015975898699435978 0.0017963373871818867
126 818.0147659224931 0.004169364315073565 0.0020747912058758458
127 860.7305832563435 0.004049677017785689 0.002839711232825521
128 6.952130531190703 0.00435267116386761 0.0016926919887319226
129 510.74730257756573 0.0064119527243723775 0.0016939064037924554
130 417.411003148779 0.003968939165960489 0.0024750024962194965
131 222.10781047073024 0.002179185072871681 0.0019044358817796145
132 119.8653673336828 0.0036970829153696013 0.001449209645879964
133 337.615171403628 -0.005400696821442634 0.001904879032265387
134 942.9097039125191 -0.003664389005859889 0.0012817140407595997
135 323.2029320207552 0.0011321508141716554 0.0013527739730124467
136 518.790621743366 0.003615116253888249 0.0019967355454789592
137 703.0189588951779 0.0010786834522149135 0.0018378508990090957
138 363.629602379294 0.004974220182405206 0.0028296918021362
139 971.7820827209607 0.0024652214043700323 0.0017247877982332661
140 962.4472949421113 0.006451033944134474 0.002161176700556087
141 251.78229582536414 0.0020697813631746645 0.0022645285758390605
142 497.2485058923854 0.00045860961032786075 0.0010261889131766672
143 300.8783098167697 -0.00021660899465387562 0.002327074744033421
144 284.8404943774676 -0.0038510390104926073 0.001356071933739503
145 36.88694735453279 -0.004801828017322762 0.0029221406349389106
146 609.5643339798969 0.006853413695902996 0.0012973254555062258
147 502.67902322886147 0.0008433649661621515 0.0018292482474540476
148 51.47875124998935 8.406690552042789e-05 0.0011706993361572876
149 278.64646423661145 -0.0028111916173162352 0.0029937485036918947
150 908.2658859666537 0.002184886801854024 0.002004390020662485
151 239.56189066697243 -0.005358853639324522 0.0021907700346400875
152 144.89487209122308 -0.003751239572825257 0.001134152954776855
153 489.452760277563 -0.004699818156193729 0.0024999209407983555
154 985.6504541106007 -0.004523802307329172 0.0014198111861911716
155 242.05527151150042 -0.002326758854327131 0.0027961085788814274
156 672.1355474058786 0.0027115971967484036 0.0014102792809640144
157 761.6196153287176 0.00439252872103023 0.0013813754413273332
158 237.63754399239966 -0.005897667823426251 0.0010730993356961897
159 728.2163486118595 -0.001474397772870654 0.0019441338902199986
160 367.7831327192532 0.002617748208978244 0.002129682266525233
161 632.3058305935795 -0.0021407192959723574 0.0011314172788567047
162 633.5297107608947 -0.0032110560121003926 0.0025510552333900213
163 535.7746840747585 -0.005352119265580617 0.0019065776694960554
164 90.28977005440831 -0.006409015187426269 0.00204878053865516
165 835.302495589238 -0.0034566937426727014 0.0018815254938764564
166 320.78006497173584 0.002414389364245046 0.001801526121750652
167 186.51851039985422 -0.0037242014523222863 0.002119280662616436
168 40.77514155476392 -0.00617690418841983 0.001310480491861425
169 590.8929431882418 -0.005151740397392096 0.0013638562609905422
170 677.5643618422824 -0.001578250793842243 0.002723571242027035
171 16.58782892785615 0.004401662315500408 0.0028922309242672656
172 512.093058299281 0.004543398266048959 0.0017466186325595058
173 226.49577519793795 -0.00031144900611388576 0.0015414893462871075
174 645.1727904094498 -0.003918027919361019 0.0022879990864780315
175 174.36642900499143 0.00025528447889761074 0.0018174683421961929
176 690.9377381024659 -0.0044203576021294155 0.0010507727113206898
177 386.7353463005374 -0.004462496076627042 0.0013123051947323808
178 936.7299887367345 -0.0042649959412453045 0.0024319444576947954
179 137.52094414599324 -0.006124624774353711 0.002317847883820303
180 341.0663510502585 -0.006040341812717214 0.001054191985006967
181 113.47352124058906 0.006240308044553857 0.001443944323865899
182 924.6936182785628 0.0005247717690980906 0.0014621495931761428
183 877.339353380981 -0.0021972661755777483 0.002343785487197457
184 257.9416277151556 0.0057530260128099454 0.0010394210755087284
185 659.9840460341791 0.004867850021632677 0.0012082171639691476
186 817.2222002012159 0.005324492783931595 0.0025998321707463787
187 555.2008115994623 0.003107574843905005 0.0013570893241086673
188 529.6505783560065 -0.0006977845182353864 0.0023054922157037493
189 241.8522909004517 -0.0025152979060772654 0.001476365562093453
190 93.1027678058992 -0.004060051201412398 0.0011988827855186903
191 897.2157579533267 -0.0007423458753129346 0.0014863443819989083
192 900.4180571633304 0.0009079282042802879 0.002444533863711318
193 633.1014572732679 -0.002886821646683577 0.002711392936212572
194 339.0297910487007 -0.005872817852054036 0.0026604397291339833
195 349.2095746126609 0.00019022877986778935 0.0017943670592369097
196 725.9556788702394 0.00045939609476012633 0.0023361702731412924
197 897.110259952577 -0.0035347742318438016 0.001409968590831642
198 887.0864242651173 -0.006176507450904197 0.0015862954605220265
199 779.8755458576238 -0.004914539034033867 0.0027926716370422393
200 642.0316461542877 -0.004480358800305727 0.001026003847021472
201 84.13996499504883 -0.0038433354476771434 0.0011710170617089362
202 161.62871409461377 0.006472417367837406 0.0014157725102920547
203 898.5541885270792 -0.0008293457508891532 0.0010530644077476395
204 606.4290596595899 0.005242801851460755 0.0013628708701795946
205 9.197051616629647 0.0031953576970056626 0.0021660831219393844
206 101.47154286603211 -0.0007840452576441293 0.0018428491011849958
207 663.5017691080558 0.004904886369261881 0.00278534342215395
208 5.061583846218687 0.003354207715870736 0.002634887123476882
209 160.80805141749866 0.004854715881726757 0.001683634703395752
210 548.7337893665862 -0.002859672837065954 0.001518846866862585
211 691.8951976926933 -0.004345676324322854 0.001759384816334534
212 651.9612595026006 -8.461134988972836e-05 0.0021805898850296157
213 224.26930946055978 0.0011281340945673078 0.0015361272816457527
214 712.1792213475359 0.005362536508662294 0.0022482978156982683
215 237.24908749680006 -0.005937394546171619 0.0018188233043824808
216 325.3996981592677 -0.0007648990954682916 0.0021040943617039605
217 746.4914051180241 -0.0031929950959419923 0.0018722530582706335
218 649.6328990472147 -0.00029325362754166874 0.0015889315190838354
219 849.223410494178 0.00046797087714499147 0.0028969066139243136
220 657.6128923003433 0.00310064345963523 0.0025272115883195217
221 568.3086033354716 0.004230149846504328 0.0012802263515329052
222 93.67476782809247 -0.004099057802751758 0.0027369359517958256
223 367.71580305943354 0.003171034981037309 0.001974862396499027
224 265.20236768172543 0.004607426989062482 0.002789104453788183
225 243.9896433790836 -0.0044627185381361095 0.0025997105118946307
226 973.0105547524456 0.0006833756405849648 0.001850427008938467
227 393.0977246667604 -0.0050110153450285706 0.0010449386166402348
228 892.0465551771133 -0.0022411686123292272 0.0015373547187698922
229 631.1386259972629 -0.0034504435413340324 0.0020832684293217336
230 794.8113035416484 -0.0037337348336597895 0.0022669564396522943
231 502.6370931051921 0.0018407537901147999 0.0015157753708664044
232 576.9038846263591 -0.0012971944357728945 0.0012787121481456483
233 492.5176938188639 -0.004259509960819853 0.0026698604735985983
234 195.2429877980445 -0.0021998931289831125 0.002968804361407104
235 722.4521152615054 0.002331178848874283 0.0020513803646053717
236 280.7723624408558 -0.0038475870171327522 0.001343358571696607
237 24.315966431453838 -0.00014655635243052243 0.0015446146530387378
238 645.4722959071678 -0.002968866618532258 0.0010367813530949336
239 177.11067940704893 -0.003612605297543003 0.002828597613120998
240 940.4585843529143 -0.006173589905732222 0.0012355021657802824
241 953.9285770025874 0.003736220663881267 0.002153032951028507
242 914.8643902204485 0.006425888706608325 0.001548110441374412
243 370.1587002554444 0.0026086405844999586 0.0021083560050315867
244 15.456616528867428 0.005235404831693399 0.0023028407767037287
245 928.3185625877254 -0.0017139511907621082 0.0026594836074144033
246 428.18414831731434 0.0011311817732971249 0.0014128425435212064
247 966.6548190436696 0.005453419170496789 0.001021991657316961
248 963.6199770892529 0.004822644393566436 0.0012737712601376145
249 853.0094554673601 0.0008906048664664566 0.00280003728369621
250 294.44889206958567 -0.004818243136252452 0.0027477801551250305
251 385.09772860192527 -0.004570434967076483 0.002194826204340617
252 851.136671516857 -4.4585076443086433e-05 0.0022010337208673066
253 316.9220051562777 0.0028254412462000566 0.002330073349092511
254 169.4927466860925 0.002544057270628716 0.0013507425572468993
255 556.8012624583502 0.0026902296734825602 0.0028288238918499197
256 936.154774160781 -0.0032415869023613856 0.0018375410497841463
257 696.029796674973 -0.001510705725098138 0.0017662770564989948
258 570.061170089365 0.0028997730970021763 0.002037835410565675
259 97.17649377076853 -0.000257127474238479 0.00109393193355011
260 615.0072266991698 0.004831245784570814 0.0013325667375121589
261 990.0538501042632 -0.005606002389574168 0.0024760672328527408
262 140.08401523652404 -0.0032155812964950745 0.001165597335850253
263 518.3296523637367 0.0042561813530891624 0.0022063042189327765
264 877.3730719279555 -0.00250628984821219 0.001490698219362642
265 740.7686177542045 -0.0047744534638030625 0.0017785912280839531
266 697.015740995268 -0.002707041598588549 0.0015773874735413996
267 702.4840839871092 0.0001527712818312028 0.0017113454329298983
268 359.4911512197552 0.0055730103850214156 0.002438091810368491
269 293.5918442644934 -0.0016956811486809732 0.0015942434312463502
270 809.3611554785136 0.00321749422462136 0.002132809280593794
271 810.1133946791807 0.005339785134951315 0.0019521008043981993
272 867.0723185801037 0.0035464755758492367 0.0023273423307252966
273 913.2405525564712 0.004491239558452616 0.002873659478649516
274 511.3423988609378 0.004354796625341882 0.0024651441944205004
275 501.5162946871996 8.29707383512209e-05 0.0014298807571815136
276 798.2951789667752 -0.0010144740133262895 0.0010623662701225694
277 649.9639307777652 -0.0008536129995303749 0.0015245280885996502
278 701.9668772577033 0.0014937377514080844 0.00219015586140051
279 795.792669436101 -0.0025723322186901325 0.0011028516269685007
280 890.0053418175663 -0.00499319238384319 0.0019927324944024726
281 337.9951568515358 -0.005897887454047225 0.0021936856978337785
282 375.58295263994404 -0.0009427237614447609 0.0016684877816339218
283 93.981939840869 -0.0026756074773474207 0.002541824407491644
284 578.2801409961739 -0.0015021885516538183 0.0012131965062675437
285 35.942273796742086 -0.005882065930971643 0.0011502755634716175
286 465.59801813246014 0.004725191113829399 0.002456377512407207
287 542.6446347075766 -0.0032396167109280164 0.0019909826324123973
288 286.5412521282844 -0.006633160692934682 0.002376804792855472
289 590.8332605690108 -0.004024385691304774 0.0018696546772074924
290 30.50024993904943 -0.0038498647085465484 0.0014928040664782137
291 37.348188749214415 -0.004428491513495842 0.0026382046353483997
292 822.6005606596583 0.000721612374799657 0.0025988317579379583
293 360.1906414112629 0.002986047567517253 0.002389392941708854
294 127.06051265188478 -0.0029077822819917895 0.0015442902744599255
295 522.2432600548044 0.0017457584123491507 0.002180461333738174
296 769.9935530986108 0.003201924889668291 0.0017219477938800536
297 215.8210274968432 0.003666550082018236 0.0011831641466532683
298 622.8904758190002 0.001948576110294491 0.0028346271509244857
299 85.347464993768 -0.006479713090040161 0.0012736372618379229
